3.560000000000000053e+00
2.040000000000000036e+00
3.759999999999999787e+00
8.830000000000000071e+00
5.259999999999999787e+00
2.640000000000000124e+00
8.660000000000000142e+00
6.559999999999999609e+00
9.910000000000000142e+00
2.290000000000000036e+00
6.990000000000000213e+00
1.800000000000000044e+00
8.240000000000000213e+00
6.919999999999999929e+00
1.610000000000000098e+00
2.799999999999999822e+00
6.719999999999999751e+00
1.810000000000000053e+00
5.320000000000000284e+00
6.360000000000000320e+00
5.870000000000000107e+00
3.779999999999999805e+00
3.419999999999999929e+00
9.580000000000000071e+00
2.300000000000000100e-01
9.050000000000000711e+00
8.500000000000000000e+00
2.149999999999999911e+00
8.070000000000000284e+00
3.099999999999999978e-01
1.520000000000000018e+00
8.910000000000000142e+00
8.839999999999999858e+00
2.000000000000000111e-01
7.360000000000000320e+00
8.609999999999999432e+00
9.080000000000000071e+00
3.069999999999999840e+00
4.879999999999999893e+00
7.610000000000000320e+00
8.900000000000000355e+00
5.839999999999999858e+00
7.370000000000000107e+00
7.700000000000000178e+00
3.049999999999999822e+00
9.919999999999999929e+00
1.500000000000000000e+00
5.309999999999999609e+00
7.849999999999999645e+00
3.799999999999999822e+00
3.180000000000000160e+00
8.099999999999999645e+00
7.589999999999999858e+00
9.529999999999999361e+00
7.349999999999999645e+00
6.889999999999999680e+00
7.919999999999999929e+00
3.569999999999999840e+00
7.299999999999999822e+00
7.179999999999999716e+00
6.809999999999999609e+00
6.759999999999999787e+00
7.959999999999999964e+00
1.979999999999999982e+00
9.630000000000000782e+00
5.160000000000000142e+00
9.519999999999999574e+00
6.240000000000000213e+00
7.389999999999999680e+00
1.530000000000000027e+00
8.000000000000000000e+00
8.089999999999999858e+00
3.120000000000000107e+00
3.000000000000000000e+00
7.500000000000000000e-01
8.830000000000000071e+00
3.770000000000000018e+00
1.449999999999999956e+00
1.219999999999999973e+00
9.820000000000000284e+00
4.129999999999999893e+00
5.589999999999999858e+00
9.359999999999999432e+00
9.080000000000000071e+00
3.720000000000000195e+00
5.629999999999999893e+00
1.949999999999999956e+00
6.200000000000000178e+00
2.839999999999999858e+00
4.070000000000000284e+00
6.780000000000000249e+00
3.270000000000000018e+00
5.389999999999999680e+00
3.029999999999999805e+00
8.369999999999999218e+00
1.260000000000000009e+00
6.620000000000000107e+00
1.100000000000000006e-01
9.890000000000000568e+00
8.839999999999999858e+00
4.290000000000000036e+00
4.190000000000000391e+00
9.939999999999999503e+00
9.439999999999999503e+00
6.959999999999999964e+00
3.209999999999999964e+00
3.299999999999999822e+00
6.190000000000000391e+00
1.219999999999999973e+00
6.559999999999999609e+00
6.870000000000000107e+00
8.640000000000000568e+00
4.320000000000000284e+00
8.369999999999999218e+00
9.269999999999999574e+00
8.859999999999999432e+00
8.460000000000000853e+00
1.550000000000000044e+00
3.560000000000000053e+00
1.030000000000000027e+00
4.799999999999999822e-01
2.430000000000000160e+00
1.169999999999999929e+00
4.849999999999999645e+00
7.740000000000000213e+00
5.000000000000000000e+00
6.209999999999999964e+00
7.240000000000000213e+00
9.160000000000000142e+00
5.719999999999999751e+00
4.650000000000000355e+00
3.599999999999999867e-01
8.380000000000000782e+00
2.529999999999999805e+00
3.499999999999999778e-01
8.869999999999999218e+00
1.199999999999999956e+00
9.230000000000000426e+00
2.950000000000000178e+00
9.970000000000000639e+00
2.629999999999999893e+00
7.730000000000000426e+00
2.680000000000000160e+00
6.980000000000000426e+00
8.169999999999999929e+00
1.699999999999999956e+00
8.339999999999999858e+00
7.820000000000000284e+00
2.270000000000000018e+00
5.000000000000000278e-02
9.599999999999999645e-01
7.000000000000000666e-02
3.649999999999999911e+00
1.100000000000000006e-01
4.610000000000000320e+00
8.699999999999999956e-01
6.230000000000000426e+00
3.600000000000000089e+00
9.220000000000000639e+00
4.610000000000000320e+00
5.849999999999999645e+00
7.990000000000000213e+00
2.060000000000000053e+00
5.379999999999999893e+00
5.290000000000000036e+00
8.320000000000000284e+00
6.240000000000000213e+00
9.900000000000000355e+00
8.939999999999999503e+00
2.279999999999999805e+00
4.599999999999999645e+00
8.589999999999999858e+00
4.419999999999999929e+00
2.120000000000000107e+00
9.810000000000000497e+00
5.599999999999999645e+00
6.429999999999999716e+00
9.859999999999999432e+00
9.050000000000000711e+00
8.259999999999999787e+00
3.839999999999999858e+00
3.279999999999999805e+00
6.790000000000000036e+00
2.410000000000000142e+00
3.020000000000000018e+00
4.679999999999999716e+00
5.830000000000000071e+00
1.379999999999999893e+00
8.250000000000000000e+00
9.499999999999999556e-01
6.999999999999999556e-01
5.480000000000000426e+00
1.139999999999999902e+00
8.330000000000000071e+00
6.900000000000000355e+00
8.859999999999999432e+00
2.870000000000000107e+00
7.629999999999999893e+00
8.000000000000000444e-01
1.729999999999999982e+00
3.540000000000000036e+00
4.089999999999999858e+00
4.000000000000000222e-01
5.509999999999999787e+00
3.720000000000000195e+00
7.209999999999999964e+00
6.800000000000000488e-01
2.879999999999999893e+00
2.999999999999999889e-01
7.440000000000000391e+00
8.800000000000000711e+00
7.650000000000000355e+00
1.780000000000000027e+00
4.879999999999999893e+00
5.120000000000000107e+00
7.530000000000000249e+00
7.099999999999999645e-01
9.000000000000000222e-01
6.030000000000000249e+00
5.849999999999999645e+00
3.819999999999999840e+00
4.200000000000000178e+00
5.919999999999999929e+00
9.289999999999999147e+00
3.569999999999999840e+00
2.049999999999999822e+00
7.339999999999999858e+00
6.309999999999999609e+00
3.410000000000000142e+00
7.580000000000000071e+00
9.029999999999999361e+00
3.759999999999999787e+00
2.549999999999999822e+00
1.600000000000000033e-01
3.419999999999999929e+00
8.289999999999999147e+00
2.910000000000000142e+00
1.899999999999999911e+00
3.459999999999999964e+00
1.790000000000000036e+00
2.500000000000000000e+00
6.250000000000000000e+00
3.810000000000000053e+00
4.030000000000000249e+00
9.720000000000000639e+00
2.689999999999999947e+00
5.190000000000000391e+00
3.720000000000000195e+00
8.099999999999999645e+00
9.349999999999999645e+00
7.719999999999999751e+00
7.089999999999999858e+00
4.429999999999999716e+00
8.699999999999999956e-01
4.049999999999999822e+00
2.069999999999999840e+00
1.000000000000000000e+00
3.470000000000000195e+00
8.759999999999999787e+00
6.929999999999999716e+00
3.910000000000000142e+00
8.880000000000000782e+00
8.410000000000000142e+00
4.410000000000000142e+00
7.679999999999999716e+00
7.540000000000000036e+00
8.119999999999999218e+00
2.560000000000000053e+00
5.820000000000000284e+00
9.580000000000000071e+00
5.629999999999999893e+00
6.030000000000000249e+00
6.860000000000000320e+00
2.910000000000000142e+00
7.990000000000000213e+00
8.199999999999999512e-01
2.700000000000000178e+00
2.229999999999999982e+00
8.070000000000000284e+00
7.600000000000000089e-01
3.410000000000000142e+00
4.490000000000000213e+00
5.580000000000000071e+00
7.809999999999999609e+00
7.419999999999999929e+00
1.260000000000000009e+00
7.750000000000000000e+00
7.230000000000000426e+00
3.850000000000000089e+00
7.870000000000000107e+00
2.700000000000000178e+00
9.910000000000000142e+00
9.900000000000000355e+00
3.759999999999999787e+00
7.099999999999999645e+00
5.459999999999999964e+00
7.379999999999999893e+00
2.819999999999999840e+00
5.540000000000000036e+00
4.089999999999999858e+00
5.940000000000000391e+00
2.770000000000000018e+00
7.629999999999999893e+00
4.280000000000000249e+00
8.390000000000000568e+00
5.709999999999999964e+00
3.109999999999999876e+00
2.169999999999999929e+00
3.680000000000000160e+00
2.060000000000000053e+00
1.459999999999999964e+00
2.850000000000000089e+00
1.590000000000000080e+00
4.330000000000000071e+00
7.169999999999999929e+00
6.429999999999999716e+00
2.310000000000000053e+00
3.129999999999999893e+00
5.349999999999999645e+00
9.089999999999999858e+00
6.519999999999999574e+00
2.390000000000000124e+00
1.129999999999999893e+00
4.070000000000000284e+00
9.730000000000000426e+00
6.139999999999999680e+00
4.339999999999999858e+00
9.730000000000000426e+00
8.939999999999999503e+00
5.759999999999999787e+00
1.770000000000000018e+00
6.540000000000000036e+00
8.279999999999999361e+00
5.379999999999999893e+00
6.769999999999999574e+00
7.120000000000000107e+00
9.300000000000000711e+00
4.969999999999999751e+00
7.959999999999999964e+00
1.879999999999999893e+00
3.689999999999999947e+00
2.290000000000000036e+00
1.689999999999999947e+00
4.049999999999999822e+00
6.849999999999999645e+00
1.689999999999999947e+00
6.219999999999999751e+00
8.980000000000000426e+00
7.349999999999999645e+00
3.430000000000000160e+00
5.250000000000000000e+00
6.469999999999999751e+00
1.139999999999999902e+00
6.600000000000000311e-01
8.100000000000000533e-01
2.089999999999999858e+00
3.439999999999999947e+00
3.540000000000000036e+00
6.320000000000000284e+00
5.759999999999999787e+00
8.119999999999999218e+00
7.360000000000000320e+00
4.120000000000000107e+00
6.849999999999999645e+00
5.799999999999999822e+00
5.509999999999999787e+00
9.869999999999999218e+00
2.720000000000000195e+00
9.499999999999999556e-01
6.639999999999999680e+00
9.109999999999999432e+00
8.699999999999999956e-01
9.890000000000000568e+00
8.470000000000000639e+00
8.429999999999999716e+00
9.399999999999999467e-01
9.039999999999999147e+00
8.800000000000000044e-01
2.899999999999999800e-01
9.740000000000000213e+00
3.529999999999999805e+00
1.909999999999999920e+00
8.740000000000000213e+00
3.160000000000000142e+00
1.939999999999999947e+00
9.759999999999999787e+00
8.419999999999999929e+00
2.560000000000000053e+00
7.030000000000000249e+00
4.450000000000000178e+00
9.699999999999999289e+00
5.290000000000000036e+00
9.560000000000000497e+00
2.470000000000000195e+00
3.549999999999999822e+00
4.230000000000000426e+00
8.119999999999999218e+00
5.759999999999999787e+00
9.810000000000000497e+00
9.000000000000000000e+00
3.799999999999999822e+00
2.419999999999999929e+00
7.610000000000000320e+00
1.620000000000000107e+00
2.129999999999999893e+00
7.290000000000000036e+00
1.550000000000000044e+00
4.610000000000000320e+00
9.449999999999999289e+00
2.899999999999999800e-01
8.230000000000000426e+00
3.459999999999999964e+00
7.450000000000000178e+00
2.209999999999999964e+00
6.799999999999999822e+00
6.999999999999999556e-01
5.429999999999999716e+00
1.149999999999999911e+00
5.629999999999999893e+00
6.980000000000000426e+00
5.309999999999999609e+00
3.040000000000000036e+00
9.679999999999999716e+00
6.269999999999999574e+00
2.680000000000000160e+00
6.300000000000000044e-01
6.299999999999999822e+00
7.099999999999999645e+00
6.000000000000000000e+00
7.919999999999999929e+00
3.810000000000000053e+00
4.370000000000000107e+00
6.580000000000000071e+00
2.520000000000000018e+00
2.109999999999999876e+00
3.290000000000000036e+00
8.429999999999999716e+00
9.599999999999999645e-01
3.049999999999999822e+00
7.900000000000000355e+00
9.899999999999999911e-01
2.290000000000000036e+00
5.830000000000000071e+00
1.760000000000000009e+00
6.179999999999999716e+00
4.160000000000000142e+00
5.980000000000000426e+00
1.949999999999999956e+00
9.230000000000000426e+00
9.470000000000000639e+00
9.890000000000000568e+00
6.830000000000000071e+00
7.700000000000000178e+00
4.349999999999999645e+00
1.389999999999999902e+00
4.040000000000000036e+00
5.000000000000000278e-02
1.000000000000000056e-01
5.589999999999999858e+00
8.599999999999999645e+00
3.800000000000000044e-01
9.410000000000000142e+00
7.570000000000000284e+00
9.519999999999999574e+00
5.830000000000000071e+00
6.379999999999999893e+00
8.800000000000000711e+00
4.809999999999999609e+00
5.230000000000000426e+00
4.599999999999999645e+00
4.940000000000000391e+00
7.480000000000000426e+00
9.410000000000000142e+00
3.890000000000000124e+00
7.099999999999999645e-01
6.070000000000000284e+00
7.080000000000000071e+00
7.580000000000000071e+00
6.610000000000000320e+00
6.099999999999999867e-01
8.529999999999999361e+00
4.250000000000000000e+00
1.659999999999999920e+00
7.370000000000000107e+00
7.049999999999999822e+00
9.449999999999999289e+00
6.030000000000000249e+00
4.580000000000000071e+00
7.919999999999999929e+00
5.959999999999999964e+00
3.979999999999999982e+00
7.330000000000000071e+00
6.059999999999999609e+00
6.480000000000000426e+00
8.519999999999999574e+00
4.450000000000000178e+00
5.349999999999999645e+00
9.000000000000000000e+00
8.210000000000000853e+00
8.500000000000000000e+00
